127
114
118
121
105
101
90
81
72
63
54
43
29
21
15
10
7
6
5
3
1
2
4
8
12
18
25
36
47
60
68
77
86
97
108
126
135
152
160
172
185
198
209
220
236
249
264
272
275
288
296
303
315
311
313
324
333
344
357
371
386
399
415
426
438
454
466
479
491
507
518
535
545
555
567
576
584
597
609
619
629
644
653
668
674
687
699
708
717
729
735
745
753
769
780
791
800
809
817
828
839
849
861
871
882
892
900
910
921
922
929
938
949
957
970
981
987
998
1013
1018
1021
1029
1036
1046
1049
1051
1056
1060
1063
1071
1074
1080
1086
1092
1075
1067
1072
1079
1090
1093
1089
1078
1081
1083
1095
1105
1125
1141
1139
1140
1150
1165
1193
1225
1251
1266
1289
1315
1284
1278
1280
1290
1309
1313
1319
1320
1335
1344
1357
1368
1384
1394
1415
1425
1436
1453
1462
1481
1497
1512
1526
1542
1556
1537
1521
1508
1490
1477
1461
1451
1435
1424
1411
1390
1378
1360
1347
1333
1311
1294
1276
1257
1245
1230
1213
1192
1174
1157
1146
1127
1117
1131
1152
1179
1220
1268
1351
1693
2453
3245
4267
5404
8894
12072
13033
13580
14324
15335
16799
18193
19107
19931
20690
21336
21843
22200
22452
22647
22783
22885
22976
23077
23159
23222
23283
23335
23368
23415
23435
23470
23504
23524
23549
23571
23597
23625
23664
23706
23752
23814
23885
23988
24215
24500
24831
25178
25656
26299
26906
27355
27621
27831
28365
28681
28808
28887
28935
28974
29010
29037
29065
29089
29117
29138
29158
29178
29197
29213
29226
29245
29259
29272
29287
29302
29317
29329
29346
29360
29371
29381
29388
29398
29404
29417
29428
29436
29444
29457
29466
29472
29486
29492
29504
29510
29519
29532
29538
29549
29556
29563
29567
29573
29582
29591
29602
29614
29620
29630
29635
29646
29652
29655
29664
29673
29684
29688
29699
29706
29718
29729
29732
29735
29738
29742
29754
29755
29757
29769
29783
29794
29806
29826
29845
29858
29871
29884
29896
29907
29918
29928
29941
29952
29962
29969
29975
29982
29984
29988
29991
29999
30012
30018
30017
30029
30041
30048
30065
30071
30078
30086
30097
30106
30111
30117
30121
30128
30135
30140
30154
30168
30183
30195
30209
30224
30241
30258
30272
30285
30300
30310
30331
30342
30354
30366
30376
30392
30403
30415
30425
30437
30449
30456
30468
30483
30494
30508
30517
30529
30539
30552
30563
30572
30584
30596
30605
30620
30632
30646
30655
30663
30676
30686
30698
30709
30719
30727
30736
30750
30763
30772
30782
30799
30810
30820
30827
30842
30856
30863
30874
30884
30895
30906
30919
30929
30938
30952
30964
30976
30987
30999
31009
31019
31034
31042
31057
31067
31078
31092
31103
31116
31125
31139
31149
31161
31171
31181
31190
31200
31214
31230
31240
31250
31262
31276
31288
31298
31310
31321
31332
31344
31357
31369
31378
31389
31403
31414
31427
31437
31444
31450
31454
31459
31469
31477
31484
31493
31507
31519
31527
31538
31550
31561
31572
31587
31596
31604
31616
31628
31639
31652
31662
31678
31689
31700
31715
31731
31738
31754
31765
31776
31789
31801
31812
31827
31837
31848
31858
31872
31885
31897
31905
31917
31932
31944
31954
31964
31970
31975
31984
31994
32005
32011
32018
32028
32037
32044
32053
32063
32064
32066
32051
32040
32024
32009
31998
31999
32015
32045
32072
32088
32105
32135
32164
32182
32210
32240
32265
32291
32314
32343
32375
32404
32431
32467
32498
32525
32562
32599
32632
32636
32656
32684
32725
32769
32804
32839
32878
32919
32960
32984
33016
33048
33075
33088
33097
33106
33102
33118
33130
33135
33152
33168
33176
33175
33174
33166
33146
33131
33113
33085
33054
33031
33010
32981
32972
32962
32959
32950
32942
32931
32916
32902
32890
32867
32857
32841
32829
32811
32793
32779
32766
32756
32733
32714
32705
32695
32703
32710
32726
32742
32761
32776
32795
32822
32848
32879
32910
32946
32975
32999
33027
33055
33090
33114
33134
33162
33179
33193
33204
33221
33230
33246
33258
33268
33284
33301
33312
33320
33334
33351
33355
33377
33391
33405
33421
33439
33452
33473
33485
33509
33524
33542
33563
33580
33606
33623
33646
33670
33699
33724
33760
33787
33813
33834
33854
33833
33847
33881
33888
33895
33918
33927
33903
33890
33892
33885
33883
33921
33940
33957
33972
33976
33979
33962
33956
33942
33929
33930
33931
33932
33935
33948
33958
33966
33981
33993
34004
34012
34018
34014
34008
34021
34030
34049
34069
34093
34120
34146
34182
34214
34257
34304
34358
34417
34474
34521
34528
34524
34520
34491
34510
34518
34536
34553
34559
34564
34558
34552
34541
34530
34499
34517
34515
34543
34546
34527
34511
34485
34478
34469
34473
34480
34472
34464
34466
34470
34467
34476
34460
34465
34462
34477
34486
34490
34498
34507
34504
34503
34505
34509
34525
34538
34540
34545
34537
34539
34534
34519
34492
34483
34468
34463
34493
34513
34531
34554
34565
34570
34573
34579
34586
34590
34585
34576
34581
34592
34602
34614
34625
34621
34619
34622
34627
34630
34634
34639
34643
34647
34649
34650
34653
34654
34656
34655
